,Id,SalePrice
0,1461,117970.555
1,1462,162801.17
2,1463,177631.67
3,1464,182109.6
4,1465,197596.28
5,1466,174714.03
6,1467,169783.58
7,1468,163381.56
8,1469,185855.97
9,1470,128856.76
10,1471,197016.8
11,1472,98885.69
12,1473,97837.09
13,1474,150156.03
14,1475,125413.56
15,1476,388819.75
16,1477,256323.72
17,1478,302202.7
18,1479,273955.3
19,1480,483359.47
20,1481,301957.94
21,1482,213218.28
22,1483,174206.64
23,1484,169757.56
24,1485,188489.12
25,1486,191082.83
26,1487,348460.16
27,1488,235325.02
28,1489,197651.97
29,1490,241765.28
30,1491,193677.39
31,1492,92486.945
32,1493,188798.77
33,1494,315253.9
34,1495,286339.06
35,1496,236876.42
36,1497,177885.75
37,1498,161397.64
38,1499,164023.53
39,1500,152459.95
40,1501,159808.56
41,1502,156654.08
42,1503,298829.6
43,1504,238587.77
44,1505,217078.78
45,1506,187281.89
46,1507,232787.67
47,1508,196444.17
48,1509,165291.58
49,1510,147750.6
50,1511,145227.38
51,1512,176195.02
52,1513,135562.62
53,1514,187257.69
54,1515,206656.52
55,1516,159460.38
56,1517,160315.69
57,1518,137765.34
58,1519,219423.45
59,1520,134633.98
60,1521,137529.86
61,1522,166309.62
62,1523,106812.586
63,1524,119609.63
64,1525,122798.98
65,1526,122259.71
66,1527,113891.96
67,1528,135834.98
68,1529,147434.11
69,1530,174047.16
70,1531,102149.51
71,1532,104534.15
72,1533,146141.72
73,1534,124234.63
74,1535,150593.69
75,1536,104726.39
76,1537,67593.87
77,1538,176792.94
78,1539,215860.83
79,1540,103659.19
80,1541,144352.61
81,1542,135821.62
82,1543,224161.5
83,1544,81162.305
84,1545,109490.56
85,1546,124169.58
86,1547,134305.28
87,1548,139611.08
88,1549,117174.97
89,1550,134584.52
90,1551,129765.164
91,1552,147146.97
92,1553,155189.73
93,1554,111686.5
94,1555,164052.75
95,1556,79572.1
96,1557,103539.71
97,1558,98306.98
98,1559,81243.3
99,1560,136059.16
100,1561,135861.1
101,1562,126310.46
102,1563,117891.47
103,1564,173232.64
104,1565,139958.16
105,1566,229540.81
106,1567,74228.34
107,1568,213473.89
108,1569,136989.66
109,1570,133822.7
110,1571,123737.55
111,1572,155732.16
112,1573,265536.56
113,1574,114304.6
114,1575,226959.73
115,1576,219091.23
116,1577,193608.08
117,1578,154978.06
118,1579,145346.48
119,1580,203518.66
120,1581,159323.9
121,1582,131048.98
122,1583,315308.12
123,1584,228540.81
124,1585,145950.05
125,1586,84095.5
126,1587,99043.85
127,1588,145713.39
128,1589,99373.81
129,1590,138230.27
130,1591,96941.62
131,1592,122072.5
132,1593,130868.6
133,1594,141680.97
134,1595,108760.945
135,1596,238433.64
136,1597,181404.53
137,1598,206678.94
138,1599,200718.4
139,1600,189509.44
140,1601,77884.08
141,1602,118374.836
142,1603,100135.24
143,1604,279958.97
144,1605,249345.19
145,1606,159249.52
146,1607,173235.48
147,1608,217146.53
148,1609,196134.23
149,1610,150288.27
150,1611,136526.53
151,1612,169171.44
152,1613,152451.78
153,1614,128778.93
154,1615,88904.08
155,1616,66727.59
156,1617,95372.414
157,1618,124018.71
158,1619,133720.23
159,1620,156137.27
160,1621,129760.24
161,1622,142756.56
162,1623,278815.56
163,1624,203792.73
164,1625,128228.28
165,1626,173128.06
166,1627,179033.28
167,1628,273724.22
168,1629,179943.25
169,1630,411645.47
170,1631,223605.03
171,1632,244074.3
172,1633,174091.05
173,1634,180941.25
174,1635,174311.53
175,1636,144725.9
176,1637,188915.9
177,1638,204343.06
178,1639,180077.45
179,1640,253211.33
180,1641,177613.5
181,1642,216575.25
182,1643,224876.66
183,1644,228272.69
184,1645,207141.61
185,1646,158345.25
186,1647,165710.22
187,1648,129890.24
188,1649,131473.92
189,1650,116388.03
190,1651,127710.05
191,1652,100817.555
192,1653,100586.72
193,1654,153796.8
194,1655,155253.77
195,1656,144143.73
196,1657,147440.22
197,1658,149733.27
198,1659,136548.08
199,1660,163721.81
200,1661,470785.0
201,1662,417819.53
202,1663,403699.94
203,1664,363740.12
204,1665,322017.47
205,1666,318880.94
206,1667,372732.84
207,1668,334185.8
208,1669,300707.44
209,1670,351307.97
210,1671,251711.42
211,1672,487482.53
212,1673,303472.66
213,1674,239087.53
214,1675,180104.88
215,1676,177452.5
216,1677,213416.86
217,1678,490804.62
218,1679,389486.84
219,1680,337570.53
220,1681,284538.22
221,1682,298096.88
222,1683,172418.83
223,1684,181179.81
224,1685,165640.39
225,1686,172601.47
226,1687,172879.25
227,1688,183941.06
228,1689,188792.83
229,1690,195423.55
230,1691,183155.25
231,1692,279357.22
232,1693,172356.33
233,1694,173972.61
234,1695,170288.55
235,1696,282572.75
236,1697,177898.89
237,1698,383363.12
238,1699,317093.84
239,1700,238104.56
240,1701,266050.22
241,1702,260592.34
242,1703,252105.22
243,1704,283048.06
244,1705,236760.39
245,1706,497355.53
246,1707,218782.67
247,1708,200509.38
248,1709,292490.9
249,1710,219923.44
250,1711,249725.97
251,1712,263222.34
252,1713,254772.78
253,1714,209825.97
254,1715,202921.53
255,1716,188971.16
256,1717,177536.86
257,1718,129270.45
258,1719,195290.92
259,1720,244578.69
260,1721,181624.45
261,1722,131691.66
262,1723,149239.78
263,1724,224975.5
264,1725,233489.62
265,1726,177760.06
266,1727,154785.19
267,1728,189602.23
268,1729,155191.7
269,1730,157315.52
270,1731,124330.17
271,1732,127250.055
272,1733,114856.52
273,1734,120447.83
274,1735,145756.61
275,1736,112952.67
276,1737,349082.88
277,1738,205107.36
278,1739,311507.72
279,1740,213779.8
280,1741,190615.3
281,1742,157882.56
282,1743,174293.14
283,1744,281206.16
284,1745,219230.83
285,1746,239527.89
286,1747,222193.25
287,1748,212762.89
288,1749,153704.83
289,1750,132578.2
290,1751,234141.36
291,1752,123963.01
292,1753,149581.81
293,1754,213543.84
294,1755,173471.38
295,1756,132424.9
296,1757,119939.15
297,1758,151640.64
298,1759,166588.5
299,1760,165956.38
300,1761,143759.86
301,1762,177514.89
302,1763,174160.58
303,1764,118121.266
304,1765,190385.14
305,1766,201092.86
306,1767,232701.67
307,1768,150130.02
308,1769,186733.2
309,1770,149607.1
310,1771,129432.02
311,1772,133276.81
312,1773,122056.07
313,1774,128918.77
314,1775,133567.92
315,1776,124764.18
316,1777,112529.6
317,1778,142214.1
318,1779,109190.266
319,1780,184673.86
320,1781,130627.9
321,1782,90193.99
322,1783,128783.79
323,1784,114131.32
324,1785,117145.47
325,1786,148542.83
326,1787,172897.6
327,1788,67104.55
328,1789,104245.73
329,1790,81436.05
330,1791,187614.66
331,1792,152433.36
332,1793,144318.69
333,1794,152831.34
334,1795,134709.62
335,1796,126041.38
336,1797,118967.25
337,1798,127321.305
338,1799,114699.04
339,1800,124026.125
340,1801,131323.14
341,1802,143036.8
342,1803,151260.16
343,1804,138717.11
344,1805,147929.53
345,1806,115999.29
346,1807,144968.75
347,1808,131091.08
348,1809,118593.875
349,1810,142092.9
350,1811,94562.26
351,1812,95980.97
352,1813,119322.72
353,1814,94844.91
354,1815,48276.125
355,1816,95526.625
356,1817,97305.9
357,1818,151483.36
358,1819,127827.8
359,1820,51326.26
360,1821,111164.22
361,1822,149118.69
362,1823,39545.22
363,1824,136845.62
364,1825,129384.76
365,1826,100530.42
366,1827,104916.53
367,1828,131231.55
368,1829,111104.37
369,1830,131165.25
370,1831,166441.17
371,1832,84883.0
372,1833,148177.8
373,1834,120436.48
374,1835,149768.1
375,1836,119597.34
376,1837,91425.43
377,1838,114540.8
378,1839,90326.85
379,1840,143153.86
380,1841,138342.95
381,1842,78330.53
382,1843,136308.36
383,1844,137925.34
384,1845,134842.78
385,1846,162192.4
386,1847,158374.84
387,1848,53291.332
388,1849,111594.99
389,1850,116721.45
390,1851,159590.9
391,1852,132505.38
392,1853,132453.55
393,1854,174374.33
394,1855,144123.62
395,1856,215953.39
396,1857,169151.25
397,1858,127916.03
398,1859,114211.164
399,1860,134247.72
400,1861,114211.164
401,1862,349095.03
402,1863,346284.7
403,1864,346284.7
404,1865,334143.75
405,1866,337792.2
406,1867,258917.3
407,1868,311671.97
408,1869,202646.38
409,1870,253752.17
410,1871,258379.33
411,1872,170469.81
412,1873,226236.12
413,1874,151509.34
414,1875,220162.4
415,1876,190639.36
416,1877,214900.62
417,1878,207530.83
418,1879,133615.69
419,1880,138651.62
420,1881,225274.39
421,1882,257541.73
422,1883,191113.34
423,1884,200777.42
424,1885,258534.98
425,1886,312612.38
426,1887,211662.4
427,1888,287553.84
428,1889,164453.28
429,1890,125846.3
430,1891,134760.03
431,1892,111307.86
432,1893,132877.17
433,1894,134227.36
434,1895,137422.9
435,1896,126120.46
436,1897,111688.805
437,1898,114795.945
438,1899,160812.56
439,1900,154993.19
440,1901,162464.3
441,1902,135116.9
442,1903,212160.94
443,1904,135330.64
444,1905,193670.78
445,1906,172379.14
446,1907,199762.75
447,1908,113602.72
448,1909,136303.94
449,1910,121322.47
450,1911,203935.8
451,1912,306991.72
452,1913,140897.55
453,1914,66043.56
454,1915,300717.75
455,1916,67267.45
456,1917,279380.16
457,1918,141561.56
458,1919,165289.7
459,1920,144651.06
460,1921,454918.38
461,1922,335727.94
462,1923,201715.31
463,1924,216047.8
464,1925,207605.16
465,1926,395675.84
466,1927,133643.3
467,1928,154470.25
468,1929,117413.27
469,1930,132969.88
470,1931,143330.53
471,1932,131483.1
472,1933,178986.94
473,1934,176215.72
474,1935,174951.7
475,1936,173499.4
476,1937,184019.55
477,1938,167079.62
478,1939,253653.36
479,1940,194857.72
480,1941,165964.73
481,1942,181468.39
482,1943,216276.3
483,1944,332083.97
484,1945,373291.2
485,1946,151975.22
486,1947,304617.3
487,1948,187844.45
488,1949,229258.11
489,1950,183700.44
490,1951,285845.62
491,1952,223366.47
492,1953,161570.72
493,1954,191381.3
494,1955,127869.4
495,1956,310680.44
496,1957,151317.05
497,1958,321761.5
498,1959,136881.75
499,1960,115323.81
500,1961,113484.09
501,1962,102070.625
502,1963,109059.58
503,1964,104506.14
504,1965,146784.67
505,1966,150744.05
506,1967,278023.34
507,1968,467540.8
508,1969,400706.8
509,1970,464970.38
510,1971,447019.12
511,1972,384600.56
512,1973,264551.53
513,1974,324951.34
514,1975,400868.84
515,1976,262553.8
516,1977,350285.7
517,1978,390473.88
518,1979,336343.06
519,1980,192313.6
520,1981,350012.78
521,1982,221015.89
522,1983,207695.31
523,1984,173278.42
524,1985,212579.66
525,1986,205902.16
526,1987,181081.19
527,1988,168758.56
528,1989,193649.64
529,1990,215194.77
530,1991,237698.83
531,1992,210530.69
532,1993,177913.75
533,1994,250214.17
534,1995,185824.3
535,1996,253409.47
536,1997,333301.28
537,1998,336707.06
538,1999,252436.11
539,2000,319223.34
540,2001,260558.11
541,2002,247876.61
542,2003,256565.66
543,2004,269682.8
544,2005,247022.16
545,2006,239332.47
546,2007,244351.62
547,2008,211861.4
548,2009,187024.23
549,2010,199080.0
550,2011,144008.81
551,2012,176059.47
552,2013,178765.19
553,2014,181037.0
554,2015,207641.48
555,2016,186384.47
556,2017,195953.73
557,2018,126693.23
558,2019,135473.88
559,2020,111919.35
560,2021,104241.48
561,2022,182884.58
562,2023,137486.7
563,2024,239000.55
564,2025,364084.2
565,2026,171653.88
566,2027,149245.84
567,2028,152637.08
568,2029,163078.25
569,2030,281228.6
570,2031,256088.23
571,2032,268370.66
572,2033,278888.53
573,2034,168161.33
574,2035,211476.56
575,2036,202202.78
576,2037,205072.25
577,2038,316340.38
578,2039,231955.81
579,2040,354651.5
580,2041,262627.3
581,2042,199364.75
582,2043,177078.7
583,2044,181010.22
584,2045,211900.78
585,2046,144620.23
586,2047,142827.5
587,2048,144478.27
588,2049,142726.92
589,2050,193709.78
590,2051,111818.39
591,2052,130070.51
592,2053,148581.38
593,2054,85323.2
594,2055,164217.27
595,2056,139377.89
596,2057,119172.07
597,2058,229356.62
598,2059,130411.93
599,2060,167705.84
600,2061,184412.16
601,2062,131595.3
602,2063,103038.13
603,2064,134275.22
604,2065,123650.4
605,2066,164650.9
606,2067,116220.33
607,2068,148241.62
608,2069,87100.15
609,2070,108364.0
610,2071,104029.37
611,2072,122506.836
612,2073,143631.45
613,2074,195859.36
614,2075,155753.28
615,2076,120500.75
616,2077,147434.98
617,2078,125549.31
618,2079,131592.73
619,2080,116468.42
620,2081,126170.664
621,2082,118847.69
622,2083,145585.69
623,2084,103767.02
624,2085,115744.1
625,2086,130205.32
626,2087,124348.95
627,2088,100330.086
628,2089,65653.81
629,2090,133303.22
630,2091,116524.78
631,2092,121388.914
632,2093,121415.7
633,2094,137515.77
634,2095,144264.52
635,2096,78212.58
636,2097,91653.89
637,2098,148975.84
638,2099,60992.53
639,2100,90351.33
640,2101,125470.516
641,2102,135534.11
642,2103,106632.92
643,2104,142767.8
644,2105,120830.336
645,2106,76940.125
646,2107,215971.89
647,2108,110320.445
648,2109,111649.984
649,2110,140626.88
650,2111,147460.83
651,2112,136393.83
652,2113,113506.11
653,2114,116283.29
654,2115,159867.55
655,2116,127531.1
656,2117,141584.84
657,2118,115016.875
658,2119,104075.0
659,2120,121926.18
660,2121,89702.0
661,2122,99740.97
662,2123,89848.83
663,2124,178046.67
664,2125,128206.56
665,2126,140097.12
666,2127,150070.69
667,2128,123856.38
668,2129,111043.13
669,2130,131902.77
670,2131,152818.61
671,2132,114282.48
672,2133,125359.1
673,2134,119510.96
674,2135,93758.08
675,2136,74706.945
676,2137,119468.305
677,2138,127535.67
678,2139,153829.83
679,2140,144537.27
680,2141,148473.95
681,2142,129512.63
682,2143,134361.33
683,2144,143045.77
684,2145,140704.14
685,2146,163602.16
686,2147,142143.75
687,2148,131044.58
688,2149,143243.95
689,2150,218312.92
690,2151,124392.445
691,2152,187375.53
692,2153,173943.7
693,2154,106871.89
694,2155,147870.11
695,2156,317009.38
696,2157,227889.14
697,2158,240491.72
698,2159,215996.5
699,2160,183638.8
700,2161,243537.4
701,2162,423903.78
702,2163,356576.2
703,2164,241550.38
704,2165,168999.17
705,2166,152433.0
706,2167,221075.45
707,2168,194511.88
708,2169,204587.52
709,2170,212477.86
710,2171,150337.31
711,2172,139401.08
712,2173,168419.69
713,2174,234308.9
714,2175,311545.72
715,2176,325706.03
716,2177,246898.16
717,2178,217856.08
718,2179,145783.73
719,2180,225306.55
720,2181,188945.4
721,2182,220439.69
722,2183,187724.06
723,2184,121659.7
724,2185,131042.54
725,2186,155459.81
726,2187,156502.48
727,2188,160687.12
728,2189,224074.92
729,2190,82160.64
730,2191,82275.03
731,2192,99262.82
732,2193,114264.445
733,2194,105195.78
734,2195,114748.32
735,2196,103364.63
736,2197,122214.22
737,2198,167819.78
738,2199,169082.94
739,2200,141379.83
740,2201,148684.84
741,2202,206360.61
742,2203,144151.19
743,2204,169598.95
744,2205,104803.77
745,2206,141745.77
746,2207,210465.53
747,2208,239452.38
748,2209,218121.83
749,2210,123574.14
750,2211,123804.766
751,2212,117984.3
752,2213,97528.47
753,2214,128675.6
754,2215,112089.516
755,2216,167127.7
756,2217,98400.44
757,2218,64588.824
758,2219,80468.305
759,2220,63617.63
760,2221,301573.84
761,2222,270661.0
762,2223,302715.6
763,2224,205096.86
764,2225,119901.36
765,2226,195580.2
766,2227,201873.1
767,2228,265813.16
768,2229,249279.8
769,2230,150097.17
770,2231,223041.94
771,2232,178337.47
772,2233,180821.53
773,2234,244530.83
774,2235,227939.75
775,2236,268468.88
776,2237,365906.62
777,2238,193729.1
778,2239,110443.625
779,2240,159772.27
780,2241,164377.52
781,2242,123802.305
782,2243,126617.94
783,2244,114178.9
784,2245,109732.71
785,2246,141398.45
786,2247,113179.945
787,2248,120153.27
788,2249,123593.945
789,2250,137982.7
790,2251,110404.86
791,2252,178501.39
792,2253,145577.89
793,2254,168942.86
794,2255,177628.84
795,2256,187699.42
796,2257,199651.62
797,2258,165787.17
798,2259,169999.48
799,2260,163302.56
800,2261,200137.75
801,2262,219447.1
802,2263,340508.12
803,2264,446510.16
804,2265,180835.75
805,2266,289646.5
806,2267,394034.3
807,2268,384999.6
808,2269,138158.98
809,2270,196357.22
810,2271,228785.22
811,2272,208611.31
812,2273,159383.05
813,2274,169114.64
814,2275,168971.94
815,2276,180099.28
816,2277,186022.25
817,2278,146438.11
818,2279,131088.14
819,2280,129878.21
820,2281,162929.67
821,2282,182919.9
822,2283,109611.33
823,2284,106430.35
824,2285,149494.61
825,2286,124737.32
826,2287,345708.1
827,2288,266492.12
828,2289,371128.22
829,2290,459517.84
830,2291,326501.4
831,2292,421007.78
832,2293,476122.78
833,2294,422522.03
834,2295,453688.5
835,2296,272716.34
836,2297,301947.56
837,2298,313596.34
838,2299,380397.72
839,2300,336614.22
840,2301,267309.34
841,2302,230551.58
842,2303,236477.47
843,2304,244678.02
844,2305,182229.52
845,2306,179128.97
846,2307,181302.19
847,2308,220093.25
848,2309,285044.62
849,2310,216637.83
850,2311,190411.98
851,2312,177113.23
852,2313,168543.1
853,2314,183371.17
854,2315,172666.72
855,2316,181450.05
856,2317,180634.77
857,2318,171478.98
858,2319,185830.81
859,2320,205949.06
860,2321,235143.06
861,2322,181081.19
862,2323,190406.23
863,2324,176519.6
864,2325,213552.22
865,2326,171334.27
866,2327,211994.47
867,2328,225779.97
868,2329,178151.69
869,2330,169618.92
870,2331,366608.72
871,2332,410415.75
872,2333,312411.25
873,2334,255926.0
874,2335,267467.25
875,2336,337418.47
876,2337,211347.16
877,2338,270961.75
878,2339,226509.22
879,2340,404296.8
880,2341,220949.36
881,2342,234217.66
882,2343,218869.67
883,2344,229050.0
884,2345,238203.84
885,2346,220373.4
886,2347,193881.61
887,2348,238622.34
888,2349,168704.62
889,2350,282600.0
890,2351,246513.52
891,2352,243919.08
892,2353,240637.8
893,2354,134199.2
894,2355,156228.77
895,2356,152738.81
896,2357,193721.56
897,2358,185952.69
898,2359,131796.88
899,2360,109880.52
900,2361,147143.72
901,2362,267168.34
902,2363,138150.23
903,2364,167173.3
904,2365,222304.52
905,2366,212549.64
906,2367,225510.05
907,2368,208909.25
908,2369,222264.38
909,2370,159678.62
910,2371,164935.73
911,2372,187382.81
912,2373,275629.53
913,2374,307695.66
914,2375,258312.31
915,2376,329654.94
916,2377,384284.56
917,2378,139833.86
918,2379,195549.5
919,2380,141993.83
920,2381,167258.42
921,2382,199549.19
922,2383,202527.95
923,2384,244478.06
924,2385,161080.81
925,2386,140461.08
926,2387,140189.0
927,2388,104091.39
928,2389,124665.0
929,2390,145041.39
930,2391,145968.6
931,2392,111741.695
932,2393,172962.94
933,2394,147700.22
934,2395,199123.69
935,2396,142245.19
936,2397,229269.25
937,2398,137348.89
938,2399,67618.88
939,2400,61729.957
940,2401,114243.766
941,2402,137936.08
942,2403,149667.08
943,2404,147901.66
944,2405,163797.45
945,2406,149149.4
946,2407,128392.09
947,2408,138204.11
948,2409,127679.45
949,2410,172439.42
950,2411,115466.25
951,2412,157652.22
952,2413,128539.29
953,2414,132926.4
954,2415,140451.81
955,2416,131351.95
956,2417,141298.94
957,2418,129798.484
958,2419,117791.85
959,2420,124503.32
960,2421,151678.27
961,2422,114912.5
962,2423,132937.2
963,2424,148325.25
964,2425,232202.31
965,2426,136740.52
966,2427,127575.83
967,2428,181508.52
968,2429,108282.08
969,2430,136102.3
970,2431,107889.39
971,2432,145591.2
972,2433,148394.05
973,2434,138119.61
974,2435,148216.81
975,2436,110676.96
976,2437,103198.7
977,2438,134418.27
978,2439,120821.79
979,2440,120677.9
980,2441,100182.0
981,2442,101633.04
982,2443,121723.9
983,2444,125965.17
984,2445,70992.54
985,2446,129656.59
986,2447,195400.28
987,2448,132826.75
988,2449,95554.8
989,2450,143622.27
990,2451,142300.81
991,2452,208793.73
992,2453,94032.375
993,2454,122108.414
994,2455,133825.4
995,2456,132916.77
996,2457,125341.66
997,2458,120601.97
998,2459,108629.83
999,2460,132219.84
1000,2461,107085.94
1001,2462,136165.61
1002,2463,121990.234
1003,2464,166507.62
1004,2465,129712.86
1005,2466,109682.48
1006,2467,149641.77
1007,2468,58959.805
1008,2469,66282.484
1009,2470,189903.81
1010,2471,207561.75
1011,2472,172833.53
1012,2473,121579.4
1013,2474,84224.49
1014,2475,222654.94
1015,2476,110037.92
1016,2477,129633.35
1017,2478,154404.6
1018,2479,111960.266
1019,2480,160706.56
1020,2481,124212.09
1021,2482,130114.21
1022,2483,114779.516
1023,2484,118915.62
1024,2485,117526.414
1025,2486,158618.6
1026,2487,190200.2
1027,2488,165111.84
1028,2489,150428.72
1029,2490,156430.27
1030,2491,100943.836
1031,2492,180717.17
1032,2493,155409.8
1033,2494,155469.44
1034,2495,91291.46
1035,2496,237150.2
1036,2497,149032.78
1037,2498,104638.17
1038,2499,100599.35
1039,2500,129587.555
1040,2501,132133.23
1041,2502,149658.73
1042,2503,100411.49
1043,2504,156750.6
1044,2505,228376.61
1045,2506,255992.52
1046,2507,282900.56
1047,2508,256063.67
1048,2509,210985.12
1049,2510,224950.05
1050,2511,180021.62
1051,2512,199565.05
1052,2513,205733.36
1053,2514,241680.38
1054,2515,151054.86
1055,2516,161720.52
1056,2517,142222.1
1057,2518,151771.64
1058,2519,216377.8
1059,2520,214180.83
1060,2521,192458.5
1061,2522,218419.45
1062,2523,129971.945
1063,2524,133555.11
1064,2525,146855.38
1065,2526,131664.4
1066,2527,115599.68
1067,2528,132784.33
1068,2529,137741.25
1069,2530,126104.38
1070,2531,245602.16
1071,2532,231594.56
1072,2533,195836.0
1073,2534,238766.97
1074,2535,333389.6
1075,2536,236322.4
1076,2537,245732.6
1077,2538,188336.47
1078,2539,189831.05
1079,2540,178927.1
1080,2541,186820.88
1081,2542,159227.75
1082,2543,127796.89
1083,2544,132830.06
1084,2545,139366.03
1085,2546,133636.36
1086,2547,142173.78
1087,2548,146846.53
1088,2549,150934.39
1089,2550,254707.64
1090,2551,135004.64
1091,2552,135256.11
1092,2553,72619.625
1093,2554,94348.22
1094,2555,124193.68
1095,2556,111251.14
1096,2557,117007.64
1097,2558,150388.27
1098,2559,144310.25
1099,2560,144006.61
1100,2561,148592.19
1101,2562,135021.66
1102,2563,147892.8
1103,2564,192531.11
1104,2565,134245.67
1105,2566,152840.11
1106,2567,126220.81
1107,2568,191261.06
1108,2569,198426.53
1109,2570,123328.15
1110,2571,174584.95
1111,2572,178536.56
1112,2573,226688.23
1113,2574,270374.53
1114,2575,129658.11
1115,2576,124693.0
1116,2577,147706.4
1117,2578,79720.8
1118,2579,55864.523
1119,2580,120887.87
1120,2581,114816.945
1121,2582,119940.05
1122,2583,272625.62
1123,2584,164066.95
1124,2585,178914.28
1125,2586,220753.72
1126,2587,211321.89
1127,2588,147481.4
1128,2589,152072.39
1129,2590,214821.28
1130,2591,210312.52
1131,2592,207898.69
1132,2593,263994.06
1133,2594,168772.44
1134,2595,216141.47
1135,2596,318619.47
1136,2597,197963.62
1137,2598,270258.22
1138,2599,300938.53
1139,2600,184883.77
1140,2601,157118.97
1141,2602,77453.89
1142,2603,100845.71
1143,2604,91807.75
1144,2605,72386.75
1145,2606,150403.06
1146,2607,188310.72
1147,2608,208598.66
1148,2609,165694.8
1149,2610,111917.52
1150,2611,125202.95
1151,2612,146036.33
1152,2613,133514.48
1153,2614,129102.88
1154,2615,154085.02
1155,2616,141442.81
1156,2617,198508.12
1157,2618,199457.77
1158,2619,209843.05
1159,2620,176299.44
1160,2621,181946.69
1161,2622,176791.45
1162,2623,250131.27
1163,2624,287021.66
1164,2625,332674.8
1165,2626,166513.55
1166,2627,181877.1
1167,2628,449531.5
1168,2629,565919.3
1169,2630,350855.28
1170,2631,465237.47
1171,2632,425523.34
1172,2633,311737.78
1173,2634,399783.03
1174,2635,157684.16
1175,2636,188860.31
1176,2637,185504.34
1177,2638,262626.62
1178,2639,187502.56
1179,2640,146145.7
1180,2641,98879.18
1181,2642,195476.08
1182,2643,101585.26
1183,2644,123664.375
1184,2645,109059.79
1185,2646,100639.11
1186,2647,106454.44
1187,2648,145179.0
1188,2649,146498.22
1189,2650,143081.22
1190,2651,143843.62
1191,2652,432976.56
1192,2653,246087.58
1193,2654,246816.48
1194,2655,386314.97
1195,2656,315713.0
1196,2657,355176.4
1197,2658,290402.16
1198,2659,319163.78
1199,2660,351390.0
1200,2661,352130.47
1201,2662,351635.72
1202,2663,268005.34
1203,2664,280069.66
1204,2665,317703.44
1205,2666,294240.66
1206,2667,173253.95
1207,2668,185697.92
1208,2669,177410.77
1209,2670,301153.06
1210,2671,186266.52
1211,2672,191902.45
1212,2673,203404.94
1213,2674,197150.98
1214,2675,175239.77
1215,2676,186635.47
1216,2677,191782.36
1217,2678,267631.9
1218,2679,269629.38
1219,2680,281570.5
1220,2681,441692.1
1221,2682,344299.0
1222,2683,552343.44
1223,2684,319670.9
1224,2685,365301.47
1225,2686,257911.36
1226,2687,314921.3
1227,2688,227304.92
1228,2689,220373.4
1229,2690,485370.84
1230,2691,175898.97
1231,2692,133325.14
1232,2693,192477.08
1233,2694,146838.23
1234,2695,191066.77
1235,2696,183925.0
1236,2697,178080.14
1237,2698,189202.78
1238,2699,168902.72
1239,2700,153752.55
1240,2701,146008.97
1241,2702,105805.4
1242,2703,135899.86
1243,2704,139330.45
1244,2705,116359.51
1245,2706,113594.2
1246,2707,126241.766
1247,2708,136202.23
1248,2709,108804.68
1249,2710,127970.92
1250,2711,268785.34
1251,2712,397253.56
1252,2713,173172.06
1253,2714,153262.06
1254,2715,157174.47
1255,2716,150318.64
1256,2717,178460.22
1257,2718,231585.53
1258,2719,157428.88
1259,2720,178783.44
1260,2721,136509.73
1261,2722,168435.97
1262,2723,154827.48
1263,2724,127451.59
1264,2725,135322.6
1265,2726,138573.78
1266,2727,173116.56
1267,2728,164844.02
1268,2729,153121.05
1269,2730,139445.55
1270,2731,131358.05
1271,2732,124361.805
1272,2733,160645.23
1273,2734,155897.55
1274,2735,130995.734
1275,2736,130190.01
1276,2737,124335.04
1277,2738,140451.81
1278,2739,171093.89
1279,2740,136176.44
1280,2741,145993.47
1281,2742,152113.6
1282,2743,147617.8
1283,2744,167159.66
1284,2745,145663.28
1285,2746,142540.11
1286,2747,145220.38
1287,2748,115791.695
1288,2749,124593.43
1289,2750,144730.03
1290,2751,136432.45
1291,2752,227525.72
1292,2753,144387.58
1293,2754,226666.62
1294,2755,126594.37
1295,2756,100398.875
1296,2757,72838.35
1297,2758,90248.945
1298,2759,153598.06
1299,2760,116857.61
1300,2761,145321.11
1301,2762,147880.58
1302,2763,185582.86
1303,2764,161703.23
1304,2765,281278.66
1305,2766,130965.2
1306,2767,75682.89
1307,2768,134448.83
1308,2769,130264.38
1309,2770,160619.8
1310,2771,114138.74
1311,2772,123124.695
1312,2773,159199.23
1313,2774,130765.266
1314,2775,112508.96
1315,2776,142252.73
1316,2777,154055.84
1317,2778,124169.18
1318,2779,136495.89
1319,2780,99710.516
1320,2781,90387.69
1321,2782,89942.5
1322,2783,99208.37
1323,2784,123422.31
1324,2785,122208.414
1325,2786,82457.1
1326,2787,122141.06
1327,2788,63718.96
1328,2789,194376.73
1329,2790,84655.67
1330,2791,111602.45
1331,2792,55740.254
1332,2793,175447.39
1333,2794,105245.58
1334,2795,113641.305
1335,2796,97481.94
1336,2797,196789.44
1337,2798,108875.48
1338,2799,119691.82
1339,2800,54027.797
1340,2801,113107.54
1341,2802,140060.81
1342,2803,172801.08
1343,2804,140630.34
1344,2805,105753.26
1345,2806,76290.914
1346,2807,157640.84
1347,2808,144550.03
1348,2809,133775.17
1349,2810,132237.78
1350,2811,159669.52
1351,2812,148047.0
1352,2813,171812.22
1353,2814,163243.28
1354,2815,105905.234
1355,2816,238383.73
1356,2817,152827.72
1357,2818,126796.11
1358,2819,162960.31
1359,2820,140587.55
1360,2821,106122.04
1361,2822,197323.9
1362,2823,302446.62
1363,2824,179744.42
1364,2825,159845.8
1365,2826,130814.08
1366,2827,137811.36
1367,2828,209506.02
1368,2829,195496.64
1369,2830,225440.42
1370,2831,181485.08
1371,2832,252203.34
1372,2833,288619.0
1373,2834,204996.3
1374,2835,209125.8
1375,2836,194103.16
1376,2837,156973.5
1377,2838,156380.27
1378,2839,178021.05
1379,2840,200828.53
1380,2841,203729.55
1381,2842,223210.98
1382,2843,138267.58
1383,2844,159861.42
1384,2845,122250.195
1385,2846,205308.12
1386,2847,194014.25
1387,2848,225507.14
1388,2849,198599.5
1389,2850,283772.7
1390,2851,233095.03
1391,2852,238262.53
1392,2853,236166.58
1393,2854,146194.66
1394,2855,199167.11
1395,2856,201063.5
1396,2857,191861.81
1397,2858,203270.86
1398,2859,120342.63
1399,2860,123462.89
1400,2861,126130.06
1401,2862,193828.44
1402,2863,132442.14
1403,2864,262314.47
1404,2865,141759.97
1405,2866,152103.75
1406,2867,97255.6
1407,2868,101066.87
1408,2869,103130.88
1409,2870,127991.11
1410,2871,87457.625
1411,2872,50366.887
1412,2873,106201.734
1413,2874,135433.25
1414,2875,115934.78
1415,2876,170679.03
1416,2877,129323.05
1417,2878,174112.45
1418,2879,140527.88
1419,2880,95448.41
1420,2881,148364.38
1421,2882,164039.28
1422,2883,193302.67
1423,2884,198438.52
1424,2885,176407.84
1425,2886,216397.67
1426,2887,101095.11
1427,2888,135880.19
1428,2889,47655.492
1429,2890,81609.97
1430,2891,130849.13
1431,2892,57821.824
1432,2893,79960.65
1433,2894,60561.008
1434,2895,317457.12
1435,2896,292626.2
1436,2897,196363.7
1437,2898,151144.6
1438,2899,234926.7
1439,2900,150669.94
1440,2901,211870.95
1441,2902,184669.88
1442,2903,359846.1
1443,2904,355394.22
1444,2905,99728.69
1445,2906,199425.7
1446,2907,112614.11
1447,2908,136893.4
1448,2909,158021.6
1449,2910,88053.49
1450,2911,73047.42
1451,2912,142443.11
1452,2913,86787.21
1453,2914,76725.336
1454,2915,83756.92
1455,2916,82116.445
1456,2917,176209.3
1457,2918,121350.125
1458,2919,228641.53
